0.0 -1.5816584378532275
0.03333333333333333 -1.3509529859648
0.06666666666666667 -1.1018707355643071
0.1 -0.7925497939478445
0.13333333333333333 -0.46901170636940925
0.16666666666666666 -0.1421636823956649
0.19999999999999998 0.18203795309888404
0.2333333333333333 0.502203815952611
0.26666666666666666 0.815354184139288
0.3 1.1095952868852468
0.3333333333333333 1.3791428496019584
0.36666666666666664 1.6168302736856353
0.39999999999999997 1.8199648834955564
0.4333333333333333 1.9843976873536304
0.4666666666666666 2.1070995896431777
0.49999999999999994 2.182892497684829
0.5333333333333333 2.210142833955527
0.5666666666666667 2.1845042935206873
0.6 2.1093749646661806
0.6333333333333333 1.988192133426491
0.6666666666666666 1.821014136792284
0.7 1.6090112854566065
0.7333333333333333 1.357507506918461
0.7666666666666666 1.0714406841556618
0.7999999999999999 0.7640752544668654
0.8333333333333333 0.43704592423265787
0.8666666666666666 0.09579856419060562
0.8999999999999999 -0.25443159341580346
0.9333333333333332 -0.6010627158939355
0.9666666666666666 -0.935682087781732
0.9999999999999999 -1.2424238237355971
1.0333333333333332 -1.516614439948886
1.0666666666666667 -1.7511098235176885
1.1 -1.9422850776672462
1.1333333333333335 -2.0875848301691633
1.166666666666667 -2.174809750869141
1.2000000000000004 -2.203961310064755
1.2333333333333338 -2.180274823134991
1.2666666666666673 -2.101712526492987
1.3000000000000007 -1.970861188851812
1.3333333333333341 -1.7965893897313638
1.3666666666666676 -1.5822750051377712
1.400000000000001 -1.3323772598096557
1.4333333333333345 -1.0495767957487177
1.466666666666668 -0.7426875514557447
1.5000000000000013 -0.4220267686748249
1.5333333333333348 -0.09335618232474552
1.5666666666666682 0.23144581728675062
1.6000000000000016 0.5485775711916316
1.633333333333335 0.8509750612786435
1.6666666666666685 1.1373499257945108
1.700000000000002 1.3986431014061314
1.7333333333333354 1.629802038368327
1.7666666666666688 1.8221610057225535
1.8000000000000023 1.9703540712334853
1.8333333333333357 2.0809458284770423
1.8666666666666691 2.145543732771727
1.9000000000000026 2.1627561521583347
1.933333333333336 2.1247428754659508
1.9666666666666694 2.039166244670109
2.0000000000000027 1.9124018012738464
2.033333333333336 1.7341331403039435
2.066666666666669 1.511701190735094
2.1000000000000023 1.2526890455337236
2.1333333333333355 0.9625776871882668
2.1666666666666687 0.6486435882499793
2.200000000000002 0.31769771212394193
2.233333333333335 -0.02292282515390287
2.2666666666666684 -0.36730001734050033
2.3000000000000016 -0.7013764867413275
2.333333333333335 -1.0231427068089514
2.366666666666668 -1.3167174754542197
2.4000000000000012 -1.5745615474207564
2.4333333333333345 -1.7928557010031807
2.4666666666666677 -1.9611806548078783
2.500000000000001 -2.0832221604374754
2.533333333333334 -2.1526673253823976
2.5666666666666673 -2.1695483036337864
2.6000000000000005 -2.1352098922270426
2.6333333333333337 -2.0482878781576366
2.666666666666667 -1.909318292484986
2.7 -1.7234357861569785
2.7333333333333334 -1.5046419539958595
2.7666666666666666 -1.2482163781751558
2.8 -0.9699509190897531
2.833333333333333 -0.6644011785344466
2.8666666666666663 -0.3454006822765967
2.8999999999999995 -0.02356811376309942
2.9333333333333327 0.3004971635324072
2.966666666666666 0.6118001089809564
2.999999999999999 0.9136249326767043
3.0333333333333323 1.1882976843218573
3.0666666666666655 1.4440724932906521
3.0999999999999988 1.662870233928901
3.133333333333332 1.8438697127185826
3.166666666666665 1.9895392053775662
3.1999999999999984 2.0865782246463223
3.2333333333333316 2.145946197773002
3.266666666666665 2.1479027101350967
3.299999999999998 2.0965389574507274
3.3333333333333313 1.999253849597066
3.3666666666666645 1.858413043890896
3.3999999999999977 1.6716740387015836
3.433333333333331 1.439338638528329
3.466666666666664 1.176443482625138
3.4999999999999973 0.8835502311895764
3.5333333333333306 0.5681837961715672
3.5666666666666638 0.23398383577692705
3.599999999999997 -0.10500567536889882
3.63333333333333 -0.4419563288065773
3.6666666666666634 -0.7764472118013082
3.6999999999999966 -1.0879135294146263
3.73333333333333 -1.3693300756620426
3.766666666666663 -1.612469313587496
3.7999999999999963 -1.8217043660040813
3.8333333333333295 -1.982135276500176
3.8666666666666627 -2.0883911982137278
3.899999999999996 -2.1456835795375753
3.933333333333329 -2.1532437743221133
3.9666666666666623 -2.1037129403557726
3.9999999999999956 -2.0082033821342598
4.033333333333329 -1.8640918730971756
4.066666666666662 -1.678839750921337
4.099999999999995 -1.4492390248318379
4.133333333333328 -1.1865975974523182
4.166666666666662 -0.8992208105363613
4.199999999999995 -0.59564746515187
4.233333333333328 -0.27662391534539443
4.266666666666661 0.04658537773093663
4.2999999999999945 0.36207543401363473
4.333333333333328 0.6713236782710403
4.366666666666661 0.9612527417694938
4.399999999999994 1.2335814521465656
4.433333333333327 1.4760679911905878
4.466666666666661 1.6861770374404443
4.499999999999994 1.854004320139408
4.533333333333327 1.9808246669359342
4.56666666666666 2.067248489050778
4.599999999999993 2.1101990313371655
4.633333333333327 2.1017803628052123
4.66666666666666 2.0424315884971627
4.699999999999993 1.9429702030745872
4.733333333333326 1.795174947326145
4.7666666666666595 1.6031194099580812
4.799999999999993 1.374430365089081
4.833333333333326 1.1095420378689704
4.866666666666659 0.8166468867285355
4.899999999999992 0.5015173907060282
4.933333333333326 0.17481250976009033
4.966666666666659 -0.15845122434035552
4.999999999999992 -0.49196007265849584
5.033333333333325 -0.8095477671000566
5.066666666666658 -1.1124309642447479
5.099999999999992 -1.3806830845698124
5.133333333333325 -1.618657618138561
5.166666666666658 -1.810661409115643
5.199999999999991 -1.9624303881388618
5.2333333333333245 -2.051235631120147
5.266666666666658 -2.097427340405705
5.299999999999991 -2.089723162466907
5.333333333333324 -2.035914029911792
5.366666666666657 -1.9353021390583756
5.399999999999991 -1.7780322193014177
5.433333333333324 -1.586056300169008
5.466666666666657 -1.3524049039708483
5.49999999999999 -1.0903958958235664
5.5333333333333234 -0.8054246519268768
5.566666666666657 -0.5001934623082054
5.59999999999999 -0.18601652252484824
5.633333333333323 0.12952326156685556
5.666666666666656 0.4404079401749401
5.6999999999999895 0.7388719363739655
5.733333333333323 1.0208959773447317
5.766666666666656 1.282229903648668
5.799999999999989 1.5132034279570572
5.833333333333322 1.7107024591017135
5.866666666666656 1.8700115655679381
5.899999999999989 1.98578274326848
5.933333333333322 2.0681876534066364
5.966666666666655 2.095669821070336
5.9999999999999885 2.071511293416557
6.033333333333322 2.0008804318164968
6.066666666666655 1.888532356830174
6.099999999999988 1.7287938970170593
6.133333333333321 1.5301236912604566
6.1666666666666545 1.2892606115774354
6.199999999999988 1.0157647849183098
6.233333333333321 0.7201050843785275
6.266666666666654 0.40274237041475835
6.299999999999987 0.07027331203857745
6.333333333333321 -0.2570609372765045
6.366666666666654 -0.5853732643531031
6.399999999999987 -0.8990522615213901
6.43333333333332 -1.1856006910961105
6.4666666666666535 -1.447055366532632
6.499999999999987 -1.6687261806888456
6.53333333333332 -1.8502189864476488
6.566666666666653 -1.9856120888693944
6.599999999999986 -2.06656781683251
6.6333333333333195 -2.102155522197286
6.666666666666653 -2.087238422084212
6.699999999999986 -2.025572626443979
6.733333333333319 -1.9182557084448095
6.766666666666652 -1.7587192422129538
6.799999999999986 -1.5555963764469047
6.833333333333319 -1.3185640818438014
6.866666666666652 -1.0515982958697645
6.899999999999985 -0.7618170106741413
6.9333333333333185 -0.4571640488656197
6.966666666666652 -0.14351387360250234
6.999999999999985 0.16903802393145062
7.033333333333318 0.4791361244756027
7.066666666666651 0.7723319905502537
7.0999999999999845 1.0493391214942598
7.133333333333318 1.3029904160358425
7.166666666666651 1.5236225896711524
7.199999999999984 1.7106075733693986
7.233333333333317 1.8597799089377842
7.266666666666651 1.9722341737708033
7.299999999999984 2.038963378301988
7.333333333333317 2.06597995081363
7.36666666666665 2.031581539026181
7.3999999999999835 1.9548718540752716
7.433333333333317 1.8337791031447344
7.46666666666665 1.6680622035202557
7.499999999999983 1.4664228310517604
7.533333333333316 1.2211451633994699
7.5666666666666496 0.953476697360748
7.599999999999983 0.6555882317069983
7.633333333333316 0.3434000403045623
7.666666666666649 0.022814688637212033
7.699999999999982 -0.3008402462486939
7.733333333333316 -0.6160442786225202
7.766666666666649 -0.9185537777040373
7.799999999999982 -1.1980662680967114
7.833333333333315 -1.4447442239668429
7.8666666666666485 -1.6578170069687181
7.899999999999982 -1.8256127582941906
7.933333333333315 -1.95258291541995
7.966666666666648 -2.0188021136722973
7.999999999999981 -2.0399245122621292
8.033333333333315 -2.0041442842505854
8.066666666666649 -1.9252832736637144
8.099999999999982 -1.8053248330297509
8.133333333333315 -1.6367114703631116
8.166666666666648 -1.4261183262443553
8.199999999999982 -1.1896485268930177
8.233333333333315 -0.919803692346429
8.266666666666648 -0.6335756403254615
8.299999999999981 -0.3317229592941682
8.333333333333314 -0.025409074465451376
8.366666666666648 0.28180902405392994
8.39999999999998 0.5831736650480801
8.433333333333314 0.8708644299181278
8.466666666666647 1.142388626470316
8.49999999999998 1.3810554372557036
8.533333333333314 1.593177694818663
8.566666666666647 1.7715958074627451
8.59999999999998 1.9155661836740734
8.633333333333313 2.0115172223818707
8.666666666666647 2.0727399875492845
8.69999999999998 2.0784147260937944
8.733333333333313 2.0277281640772236
8.766666666666646 1.9355004781773406
8.79999999999998 1.8003069576961925
8.833333333333313 1.6282068520906252
8.866666666666646 1.4132292928915486
8.899999999999979 1.163606029202584
8.933333333333312 0.8867581005680014
8.966666666666645 0.5893410849780993
8.999999999999979 0.27445230352046623
9.033333333333312 -0.04655579691245082
9.066666666666645 -0.363984214834451
9.099999999999978 -0.6725745516646064
9.133333333333312 -0.9703737503241232
9.166666666666645 -1.2386722490353432
9.199999999999978 -1.4791980781867364
9.233333333333311 -1.6732747805111412
9.266666666666644 -1.8284292026262543
9.299999999999978 -1.9400712005733578
9.33333333333331 -2.0038811685867266
9.366666666666644 -2.0138828908587274
9.399999999999977 -1.9725093753348333
9.43333333333331 -1.886834321306129
9.466666666666644 -1.7543624077086724
9.499999999999977 -1.5869068232892531
9.53333333333331 -1.370002921127703
9.566666666666643 -1.1304025080868478
9.599999999999977 -0.8609018216855628
9.63333333333331 -0.5787383560916206
9.666666666666643 -0.2818003363776973
9.699999999999976 0.02083448265053489
9.73333333333331 0.3210761625540508
9.766666666666643 0.6144265382359295
9.799999999999976 0.8891459299670288
9.833333333333309 1.1495889702827728
9.866666666666642 1.3830679945876794
9.899999999999975 1.5865663844352378
9.933333333333309 1.754997033874763
9.966666666666642 1.8805715495121689
9.999999999999975 1.9667780547791125
10.033333333333308 2.0134895088617704
10.066666666666642 2.010239068972753
10.099999999999975 1.9516257846459055
10.133333333333308 1.8550560918073726
10.166666666666641 1.7183535296543422
10.199999999999974 1.5299488330212823
10.233333333333308 1.3153579307063454
10.26666666666664 1.06403219712677
10.299999999999974 0.7858760778432918
10.333333333333307 0.48947559383822803
10.36666666666664 0.1838043433750567
10.399999999999974 -0.1327174638356987
10.433333333333307 -0.44345547679114405
10.46666666666664 -0.7489399997027477
10.499999999999973 -1.0301851613918953
10.533333333333307 -1.2879939419046949
10.56666666666664 -1.5145741872742429
10.599999999999973 -1.7003605746489532
10.633333333333306 -1.842353675132342
10.66666666666664 -1.937789021792778
10.699999999999973 -1.9888104685697412
10.733333333333306 -1.9837562140622766
10.766666666666639 -1.9359045089474896
10.799999999999972 -1.8413529511449047
10.833333333333306 -1.7065638044652887
10.866666666666639 -1.5237686652358553
10.899999999999972 -1.3128045478339794
10.933333333333305 -1.0661553554548773
10.966666666666638 -0.8004120285250518
10.999999999999972 -0.512331731959784
11.033333333333305 -0.21663011915195618
11.066666666666638 0.08388336209722347
11.099999999999971 0.3789727533527518
11.133333333333304 0.6660444970488664
11.166666666666638 0.9400932968042204
11.19999999999997 1.1893768110189349
11.233333333333304 1.4140863717230108
11.266666666666637 1.607370212518365
11.29999999999997 1.765296190016195
11.333333333333304 1.8857866066914966
11.366666666666637 1.9611093110822662
11.39999999999997 1.9958465869850412
11.433333333333303 1.9756846229843097
11.466666666666637 1.9119642787880222
11.49999999999997 1.8045445710721388
11.533333333333303 1.658029092290966
11.566666666666636 1.4726359069846477
11.59999999999997 1.2519867522913541
11.633333333333303 0.9940888360991895
11.666666666666636 0.716605089025868
11.699999999999969 0.42116082885974837
11.733333333333302 0.11201782576942776
11.766666666666636 -0.1975901525527255
11.799999999999969 -0.504636080752884
11.833333333333302 -0.8021568808952986
11.866666666666635 -1.0727167630057801
11.899999999999968 -1.3238838379192992
11.933333333333302 -1.5398101584347796
11.966666666666635 -1.7097671577725433
11.999999999999968 -1.8420912019615017
12.033333333333301 -1.9291861032497315
12.066666666666634 -1.964548572898652
12.099999999999968 -1.9540592314207914
12.1333333333333 -1.8914877977452031
12.166666666666634 -1.79169435400606
12.199999999999967 -1.6419266006969613
12.2333333333333 -1.4578180710616118
12.266666666666634 -1.2380550825607748
12.299999999999967 -0.9877158394102454
12.3333333333333 -0.7159130915769603
12.366666666666633 -0.43051417840302175
12.399999999999967 -0.136295281279585
12.4333333333333 0.16307331298665328
12.466666666666633 0.4507775209425784
12.499999999999966 0.7382359655088848
12.5333333333333 1.0004540784247569
12.566666666666633 1.2440154373635695
12.599999999999966 1.4621293203628047
12.633333333333299 1.6440470975397297
12.666666666666632 1.7920402774568887
12.699999999999966 1.8996689380609135
12.733333333333299 1.9660418764176395
12.766666666666632 1.990177280242217
12.799999999999965 1.963803609869184
12.833333333333298 1.891214018988932
12.866666666666632 1.7782998068642728
12.899999999999965 1.6270030184139044
12.933333333333298 1.4322180633783814
12.966666666666631 1.2062349622713926
12.999999999999964 0.9476051237653724
13.033333333333298 0.6672759300486488
13.066666666666631 0.37326133341347223
13.099999999999964 0.06597444065453573
13.133333333333297 -0.2425845199858898
13.16666666666663 -0.5435245809840468
13.199999999999964 -0.8344661875080193
13.233333333333297 -1.0999298680957028
13.26666666666663 -1.3365251360969905
13.299999999999963 -1.5381264421245522
13.333333333333297 -1.698275856407562
13.36666666666663 -1.8154177476764717
13.399999999999963 -1.8865810723956462
13.433333333333296 -1.9143733948353625
13.46666666666663 -1.8938728727975762
13.499999999999963 -1.8277751077351279
13.533333333333296 -1.7142433458537605
13.56666666666663 -1.561027637031236
13.599999999999962 -1.3710701509774097
13.633333333333296 -1.147961660936068
13.666666666666629 -0.8945801563636429
13.699999999999962 -0.6281643554456227
13.733333333333295 -0.3407497156355803
13.766666666666628 -0.047474414913209806
13.799999999999962 0.24350898457622527
13.833333333333295 0.5346178155243928
13.866666666666628 0.8102782595721667
13.899999999999961 1.0712121502173888
13.933333333333294 1.3033417790963755
13.966666666666628 1.5121925100544207
13.999999999999961 1.6865418551044504
14.033333333333294 1.826344339019463
14.066666666666627 1.9259712567079674
14.09999999999996 1.9830573770491808
14.133333333333294 1.9916416083265815
14.166666666666627 1.9521169136160363
14.19999999999996 1.8670131507836425
14.233333333333293 1.7443850546614383
14.266666666666627 1.5789482409283488
14.29999999999996 1.3801047554191683
14.333333333333293 1.1443260715937154
14.366666666666626 0.8825861891314641
14.39999999999996 0.5988459876866958
14.433333333333293 0.29893734057969734
14.466666666666626 -0.0016744312343268675
14.49999999999996 -0.30535018429805705
14.533333333333292 -0.6015636877045614
14.566666666666626 -0.8839022108236096
14.599999999999959 -1.1424833473353169
14.633333333333292 -1.3740986592612496
14.666666666666625 -1.5709910214871767
14.699999999999958 -1.7276311286690234
14.733333333333292 -1.8319519416567973
14.766666666666625 -1.8951163104184598
14.799999999999958 -1.9181698369113749
14.833333333333291 -1.8774242199491284
14.866666666666625 -1.8029779006140574
14.899999999999958 -1.6818302241191105
14.933333333333291 -1.5214368014825608
14.966666666666624 -1.3220414769678186
14.999999999999957 -1.0911000696246598
15.03333333333329 -0.836598612973456
15.066666666666624 -0.5683118698412639
15.099999999999957 -0.28459341947245775
15.13333333333329 0.009993070624920719
15.166666666666623 0.2978077924544156
15.199999999999957 0.5808064545738256
15.23333333333329 0.8472545756472192
15.266666666666623 1.1007307351873354
15.299999999999956 1.3272938851159584
15.33333333333329 1.519726821503114
15.366666666666623 1.6848360001570004
15.399999999999956 1.8121835521525895
15.43333333333329 1.8972570971611358
15.466666666666622 1.947264119333342
15.499999999999956 1.9402170733761617
15.533333333333289 1.8916070663745108
15.566666666666622 1.7999992502755644
15.599999999999955 1.6671798760810645
15.633333333333288 1.4989179281930936
15.666666666666622 1.2888717738481512
15.699999999999955 1.0502218138773038
15.733333333333288 0.7856589217422778
15.766666666666621 0.5024097547874584
15.799999999999955 0.20888029826762367
15.833333333333288 -0.09223600778380847
15.866666666666621 -0.39554396423248894
15.899999999999954 -0.6867351164797237
15.933333333333287 -0.9612560371086247
15.96666666666662 -1.2089973932223783
15.999999999999954 -1.432429899086594
16.03333333333329 -1.6143676579382618
16.066666666666624 -1.7591510097768122
16.09999999999996 -1.859900087658232
16.133333333333294 -1.9138294986794833
16.16666666666663 -1.9112221796288362
16.199999999999964 -1.8733301566591407
16.2333333333333 -1.7833856213658745
16.266666666666634 -1.6552485698533608
16.29999999999997 -1.482217257148076
16.333333333333304 -1.280306658596257
16.36666666666664 -1.0469391080972832
16.399999999999974 -0.7901529538463703
16.43333333333331 -0.5141569719055559
16.466666666666644 -0.23138583593625084
16.49999999999998 0.058046944198405726
16.533333333333314 0.34186089188692304
16.56666666666665 0.6158997877825412
16.599999999999984 0.8821242863093923
16.63333333333332 1.1223499123270901
16.666666666666654 1.3406085897066182
16.69999999999999 1.5266998075530882
16.733333333333324 1.6764743238046824
16.76666666666666 1.795969640382733
16.799999999999994 1.8733610874687
16.83333333333333 1.907928471899675
16.866666666666664 1.8943139840688783
16.9 1.8321227465760295
16.933333333333334 1.7329266200518747
16.96666666666667 1.595245134245892
17.000000000000004 1.4177654939620323
17.03333333333334 1.2076152482418765
17.066666666666674 0.9645591125252029
17.10000000000001 0.7003197444247835
17.133333333333344 0.41676249954322486
17.16666666666668 0.12575262993187497
17.200000000000014 -0.17493237879020018
17.23333333333335 -0.4696171684684134
17.266666666666683 -0.7487863542290727
17.30000000000002 -1.0195768892524115
17.333333333333353 -1.2605984907624248
17.36666666666669 -1.4728738039220635
17.400000000000023 -1.646578467125111
17.43333333333336 -1.7776912380187002
17.466666666666693 -1.8688425458813422
17.50000000000003 -1.9063416368228705
17.533333333333363 -1.8991028864527808
17.5666666666667 -1.8468871284742878
17.600000000000033 -1.7476496349463226
17.63333333333337 -1.60458438327377
17.666666666666703 -1.4279194429576796
17.70000000000004 -1.217183729478403
17.733333333333373 -0.9764914811520926
17.76666666666671 -0.7176045627376424
17.800000000000043 -0.44535746298751944
17.83333333333338 -0.16554208508568635
17.866666666666713 0.12298342788225369
17.90000000000005 0.40158286053224224
17.933333333333383 0.6726510314363754
17.96666666666672 0.9309580246567473
18.000000000000053 1.1628257533233741
18.03333333333339 1.3697954610550438
18.066666666666723 1.5471733650979598
18.10000000000006 1.6912838742054204
18.133333333333393 1.7977341169902807
18.16666666666673 1.863998628099302
18.200000000000063 1.8893416543852313
18.2333333333334 1.864740045961776
18.266666666666733 1.7957705782307682
18.300000000000068 1.6883669669764432
18.333333333333403 1.54062279602765
18.366666666666738 1.3572771773054306
18.400000000000073 1.141292684507225
18.433333333333408 0.9012531229856853
18.466666666666743 0.6301747003205662
18.500000000000078 0.34906028901953956
18.533333333333413 0.0551061757727922
18.566666666666748 -0.2340540348898945
18.600000000000083 -0.5282260020157126
18.633333333333418 -0.8047103146319112
18.666666666666753 -1.057709078805026
18.700000000000088 -1.289972321075524
18.733333333333423 -1.4885637815765622
18.766666666666758 -1.6529989472101065
18.800000000000093 -1.7729928742525807
18.833333333333428 -1.8448817112671723
18.866666666666763 -1.8793265005157123
18.900000000000098 -1.858229595021639
18.933333333333433 -1.795414525143078
18.966666666666768 -1.6879637849115268
19.000000000000103 -1.543045088056902
19.033333333333438 -1.3565499882678131
19.066666666666773 -1.144504781420765
19.100000000000108 -0.9033082590299686
19.133333333333443 -0.6388526388676565
19.166666666666778 -0.36681723379229725
19.200000000000113 -0.08143572822602252
19.233333333333448 0.19376951449493074
19.266666666666783 0.47328658810569557
19.300000000000118 0.7390231919049874
19.333333333333453 0.9889650675230337
19.366666666666788 1.2152286166175328
19.400000000000123 1.4171046089760821
19.433333333333458 1.5831457727243539
19.466666666666793 1.7189792820160914
19.500000000000128 1.8144615692363386
19.533333333333463 1.8720459452928297
19.566666666666798 1.8892427135530774
19.600000000000133 1.8541554824599062
19.633333333333468 1.7762284042611913
19.666666666666803 1.6599725729120873
19.700000000000138 1.508603121040478
19.733333333333473 1.315481420597969
19.766666666666808 1.093842690902914
19.800000000000143 0.8445424830384338
19.833333333333478 0.5767630110290787
19.866666666666813 0.294045588319956
19.900000000000148 0.002191932806691277
19.933333333333483 -0.2821132790739229
19.966666666666818 -0.5683904777591873
20.000000000000153 -0.8369253743535285
20.033333333333488 -1.0896791978613187
20.066666666666823 -1.3057179609306369
20.100000000000158 -1.4911881075881412
20.133333333333493 -1.6442360649451269
20.166666666666828 -1.7448820042781892
20.200000000000163 -1.8121103817017024
20.233333333333498 -1.8247049702314242
20.266666666666833 -1.8026251192644636
20.300000000000168 -1.7271303896304944
20.333333333333503 -1.617291076418062
20.366666666666838 -1.4596217417441757
20.400000000000173 -1.2718176248976811
20.433333333333508 -1.0579745406442407
20.466666666666843 -0.8095906128238735
20.500000000000178 -0.5553259097975998
20.533333333333513 -0.2809667077815874
20.566666666666848 -0.0017589720868405045
20.600000000000183 0.2778497380448113
20.633333333333518 0.5492829298671493
20.666666666666853 0.8080906799377203
20.700000000000188 1.0471937003024552
20.733333333333523 1.268695355191257
20.766666666666858 1.4612293985359441
20.800000000000193 1.6226351249937467
20.833333333333528 1.7444445040589338
20.866666666666863 1.8315638912645573
20.900000000000198 1.8761065416201843
20.933333333333533 1.8792761915516998
20.966666666666868 1.833744392399276
21.000000000000203 1.7499711640003284
21.033333333333537 1.6254152983788632
21.066666666666872 1.4631979176120193
21.100000000000207 1.2676554093308745
21.133333333333542 1.0403801192094893
21.166666666666877 0.7871756127329537
21.200000000000212 0.5203144316044073
21.233333333333547 0.2382734112078131
21.266666666666882 -0.05268828379653634
21.300000000000217 -0.339251264915295
21.333333333333552 -0.6160455834691021
21.366666666666887 -0.8758465347558912
21.400000000000222 -1.118620672168336
21.433333333333557 -1.3276066434666283
21.466666666666892 -1.5013611883181945
21.500000000000227 -1.6399130806836277
21.533333333333562 -1.7353788332046078
21.566666666666897 -1.788213852894565
21.600000000000232 -1.793846267027968
21.633333333333567 -1.751240867245569
21.666666666666902 -1.673421094581517
21.700000000000237 -1.556693171395239
21.733333333333572 -1.394275943583934
21.766666666666907 -1.2024591552032868
21.800000000000242 -0.9839867892705163
21.833333333333577 -0.7401653669498884
21.866666666666912 -0.47875384235396323
21.900000000000247 -0.20568719024018245
21.933333333333582 0.07091058289844909
21.966666666666917 0.3467939957432504
22.000000000000252 0.6147001144566913
22.033333333333587 0.86439748484168
22.066666666666922 1.1001313500827052
22.100000000000257 1.313351043377958
22.133333333333592 1.4974514094258025
22.166666666666927 1.6487083016608706
22.200000000000262 1.7630800057747935
22.233333333333597 1.8349532825979313
22.266666666666932 1.8712132788977272
22.300000000000267 1.8596025310303874
22.333333333333602 1.8085196659350986
22.366666666666937 1.711241558569748
22.400000000000272 1.5806537203557154
22.433333333333607 1.4059613213233613
22.466666666666942 1.204310902548376
22.500000000000277 0.9734690594900552
22.533333333333612 0.7195719967118475
22.566666666666947 0.4494127086861317
22.600000000000282 0.1681691740800435
22.633333333333617 -0.1146618183375323
22.666666666666952 -0.398392597872284
22.700000000000287 -0.6667178698357845
22.733333333333622 -0.9218272841051314
22.766666666666957 -1.151585990719799
22.800000000000292 -1.351429682146434
22.833333333333627 -1.5151354670624335
22.866666666666962 -1.635423115938087
22.900000000000297 -1.7181943557353394
22.933333333333632 -1.7593686680425962
22.966666666666967 -1.7560262339019594
23.000000000000302 -1.706584029655445
23.033333333333637 -1.6235600762666995
23.066666666666972 -1.4962488181821216
23.100000000000307 -1.3323152427408398
23.133333333333642 -1.1337199162888036
23.166666666666977 -0.9107126966174426
23.200000000000312 -0.6668761234393297
23.233333333333647 -0.4032006331762523
23.266666666666982 -0.1347536772178204
23.300000000000317 0.1392172708381434
23.333333333333652 0.4104398032712737
23.366666666666987 0.6701577725875669
23.400000000000322 0.9185937748409723
23.433333333333657 1.1452224207925958
23.466666666666992 1.34912602272348
23.500000000000327 1.5208316346348862
23.533333333333662 1.6637175385565834
23.566666666666997 1.7674372877276499
23.600000000000332 1.8299198600814455
23.633333333333667 1.8537296295217853
23.666666666667002 1.83274224051259
23.700000000000337 1.7710076769452252
23.733333333333672 1.6660836891715691
23.766666666667007 1.5248313983117132
23.80000000000034 1.3519534295648512
23.833333333333677 1.1431346376674618
23.86666666666701 0.9078297399484727
23.900000000000347 0.6554314730707009
23.93333333333368 0.38249144259081014
23.966666666667017 0.10154980326076313
24.00000000000035 -0.17938866641183981
24.033333333333687 -0.45852649146526936
24.06666666666702 -0.7212045254844464
24.100000000000357 -0.9693936933602374
24.13333333333369 -1.1866206002147965
24.166666666667027 -1.3750680065381666
24.20000000000036 -1.528927121262453
24.233333333333697 -1.640464627068717
24.26666666666703 -1.7137171359342889
24.300000000000367 -1.7438121529848145
24.3333333333337 -1.7304921940826032
24.366666666667037 -1.6739241883262306
24.40000000000037 -1.577475023761576
24.433333333333707 -1.44378078679834
24.46666666666704 -1.272294053305262
24.500000000000377 -1.0683048682660465
24.53333333333371 -0.8432877466564834
24.566666666667047 -0.5975105702682395
24.60000000000038 -0.3391969770339456
24.633333333333717 -0.06427663015511254
24.66666666666705 0.20053666340510645
24.700000000000387 0.4701923555868097
24.73333333333372 0.7232141466991342
24.766666666667057 0.9646263880674297
24.80000000000039 1.181684928427944
24.833333333333727 1.374960977825495
24.86666666666706 1.538748956765689
24.900000000000396 1.6736039090018275
24.93333333333373 1.7689948174715804
24.966666666667066 1.820397179954779
25.0000000000004 1.8334063613251832
25.033333333333736 1.802504074959896
25.06666666666707 1.7317591873397893
25.100000000000406 1.6171044854968386
25.13333333333374 1.4699188290733414
25.166666666667076 1.2855592921470755
25.20000000000041 1.0745708978050752
25.233333333333746 0.8357673526334146
25.26666666666708 0.5815846759857362
25.300000000000416 0.30732667579868345
25.33333333333375 0.03233042449758372
25.366666666667086 -0.24665981208325238
25.40000000000042 -0.5215781819186769
25.433333333333756 -0.7766639327175113
25.46666666666709 -1.0141547188891633
25.500000000000426 -1.2253131129272532
25.53333333333376 -1.4059355462080148
25.566666666667096 -1.5430217154088148
25.60000000000043 -1.6475256516098593
25.633333333333766 -1.710747689592718
25.6666666666671 -1.731280083382174
25.700000000000436 -1.706907749146402
25.73333333333377 -1.643192365565851
25.766666666667106 -1.5372260522289443
25.80000000000044 -1.39558651873394
25.833333333333776 -1.2192353120863455
25.86666666666711 -1.0125926117460482
25.900000000000446 -0.7809631082009152
25.93333333333378 -0.5315529099778771
25.966666666667116 -0.2738523425220487
26.00000000000045 -0.005276511061334421
26.033333333333786 0.2642717521458189
26.06666666666712 0.5232053879995862
26.100000000000456 0.7719962186664882
26.13333333333379 1.006178899917403
26.166666666667126 1.2146427979418055
26.20000000000046 1.4002421571151853
26.233333333333796 1.553158238247451
26.26666666666713 1.6752363278943827
26.300000000000466 1.7564928209123725
26.3333333333338 1.8028626677313797
26.366666666667136 1.8048075858380175
26.40000000000047 1.7625865122477133
26.433333333333806 1.6806768143086197
26.46666666666714 1.5634499281495264
26.500000000000476 1.4053903399230956
26.53333333333381 1.2203394742426656
26.566666666667146 0.9986949286726405
26.60000000000048 0.7632485711352208
26.633333333333816 0.5067998490980186
26.66666666666715 0.24062666490467866
26.700000000000486 -0.04034783555733057
26.73333333333382 -0.3116493255731507
26.766666666667156 -0.5780996125801483
26.80000000000049 -0.831765298569187
26.833333333333826 -1.0625011610437989
26.86666666666716 -1.264677694825779
26.900000000000496 -1.4362463171048079
26.93333333333383 -1.5671903434949686
26.966666666667166 -1.6630250132106648
27.0000000000005 -1.7136621396451563
27.033333333333836 -1.7238347097933946
27.06666666666717 -1.6907905058835362
27.100000000000506 -1.61551751434172
27.13333333333384 -1.5003671799838165
27.166666666667176 -1.348257782766085
27.20000000000051 -1.163377597187786
27.233333333333846 -0.9512633697821595
27.26666666666718 -0.7214062443120453
27.300000000000516 -0.4702483060109288
27.33333333333385 -0.21144741074300422
27.366666666667186 0.057415028123648515
27.40000000000052 0.3196959132834172
27.433333333333856 0.5745733053055719
27.46666666666719 0.8176478831241143
27.500000000000526 1.0412046043029202
27.53333333333386 1.2418365244779137
27.566666666667196 1.415872874351649
27.60000000000053 1.5613420459322098
27.633333333333866 1.669998935897195
27.6666666666672 1.7440078823475291
27.700000000000536 1.7784295112637833
27.73333333333387 1.768737081918351
27.766666666667206 1.7194401206969516
27.80000000000054 1.6316191945073264
27.833333333333876 1.5048717576659927
27.86666666666721 1.3421242996067244
27.900000000000546 1.14991515816895
27.93333333333388 0.9286907308854602
27.966666666667216 0.6893086633650807
28.00000000000055 0.4310879022134797
28.033333333333886 0.16050507869941733
28.06666666666722 -0.10910947112799185
28.100000000000556 -0.3828938666345518
28.13333333333389 -0.6371507487564907
28.166666666667226 -0.886100172996128
28.20000000000056 -1.1036711085546287
28.233333333333896 -1.3010539545030588
28.26666666666723 -1.461182427217437
28.300000000000566 -1.5871575604617143
28.3333333333339 -1.66400891186142
28.366666666667236 -1.7106469741460306
28.40000000000057 -1.708719888799621
28.433333333333906 -1.6640324498069323
28.46666666666724 -1.5825098008455871
28.500000000000576 -1.457148794469468
28.53333333333391 -1.2997112460047426
28.566666666667246 -1.110826016090884
28.60000000000058 -0.8910841810541288
28.633333333333916 -0.6576770724274201
28.66666666666725 -0.40523278210830327
28.700000000000585 -0.15116434331737816
28.73333333333392 0.11391148946674612
28.766666666667255 0.37136995807131523
28.80000000000059 0.6215307420008935
28.833333333333925 0.85907633422402
28.86666666666726 1.077783562138789
28.900000000000595 1.272076330554821
28.93333333333393 1.435767131488972
28.966666666667265 1.570000620376259
29.0000000000006 1.6681799710952951
29.033333333333935 1.7281819078696596
29.06666666666727 1.7524869907957576
29.100000000000605 1.733190177524233
29.13333333333394 1.6764295919610053
29.166666666667275 1.578657964692459
29.20000000000061 1.4486184282773351
29.233333333333945 1.2796722724297238
29.26666666666728 1.081510550030134
29.300000000000615 0.8605184963345884
29.33333333333395 0.6161691923910304
29.366666666667285 0.3603137275441268
29.40000000000062 0.09338164803862137
29.433333333333955 -0.17666374100766147
29.46666666666729 -0.44448734718559546
29.500000000000625 -0.6966924383904733
29.53333333333396 -0.9372791454404399
29.566666666667295 -1.1486274552266278
29.60000000000063 -1.334607433059218
29.633333333333965 -1.4853032459373678
29.6666666666673 -1.59518834453975
29.700000000000635 -1.6699022502800118
29.73333333333397 -1.7002989629578442
29.766666666667305 -1.6842100483863183
29.80000000000064 -1.6323748017759687
29.833333333333975 -1.5392176223049296
29.86666666666731 -1.4108235465503718
29.900000000000645 -1.2438610904600496
29.93333333333398 -1.05149700119952
29.966666666667315 -0.8310022577795229
30.00000000000065 -0.5933823749520957
30.033333333333985 -0.34210774262595134
30.06666666666732 -0.0808583898881503
30.100000000000655 0.1759683529451208
30.13333333333399 0.43265478438235405
30.166666666667325 0.6776614416694926
30.20000000000066 0.9086534773392554
30.233333333333995 1.1172425788196207
30.26666666666733 1.3051369354266642
30.300000000000665 1.4582718026860233
30.333333333334 1.5815149180022088
30.366666666667335 1.6694050343249431
30.40000000000067 1.7235061442233688
30.433333333334005 1.7363207308346862
30.46666666666734 1.7062497410285689
30.500000000000675 1.6420837773661825
30.53333333333401 1.5352194734599145
30.566666666667345 1.3962443943395284
30.60000000000068 1.222668938815488
30.633333333334015 1.020513742458407
30.66666666666735 0.7943455840837066
30.700000000000685 0.5485594044186684
30.73333333333402 0.2932045957458129
30.766666666667355 0.025787749624417433
30.80000000000069 -0.24035126922290972
30.833333333334025 -0.499166058504394
30.86666666666736 -0.7480744604240184
30.900000000000695 -0.9748836879590792
30.93333333333403 -1.180643349871405
30.966666666667365 -1.354616393442623
31.0000000000007 -1.4950708734471396
31.033333333334035 -1.5954476123239294
31.06666666666737 -1.6577595238339033
31.100000000000705 -1.6744955480034984
31.13333333333404 -1.6543820984617303
31.166666666667375 -1.5909617364499757
31.20000000000071 -1.4926494343216894
31.233333333334045 -1.3543710772607187
31.26666666666738 -1.177604278006001
31.300000000000715 -0.9810236109495016
31.33333333333405 -0.7612309753402515
31.366666666667385 -0.5214720450079411
31.40000000000072 -0.27159743056764407
31.433333333334055 -0.014635005432186876
31.46666666666739 0.24093151990804396
31.500000000000725 0.49276796048812876
31.53333333333406 0.7319079086711575
31.566666666667395 0.9571945901472461
31.60000000000073 1.1575681424037176
31.633333333334065 1.3363980877542732
31.6666666666674 1.4824982095495933
31.700000000000735 1.5970810672418212
31.73333333333407 1.6781712818929133
31.766666666667405 1.7212001322294181
31.80000000000074 1.7227823794897992
31.833333333334075 1.6835248032239019
31.86666666666741 1.6076850936899678
31.900000000000745 1.4928534245312646
31.93333333333408 1.3478592092574742
31.966666666667415 1.1647593102882485
32.000000000000746 0.9599749818947929
32.03333333333408 0.731654126326724
32.06666666666741 0.48587799979210633
32.10000000000074 0.23200467809605563
32.13333333333407 -0.03121822677734354
32.1666666666674 -0.29734844012533435
32.200000000000735 -0.5525006435069737
32.233333333334066 -0.7943361983535309
32.2666666666674 -1.011799014405581
32.30000000000073 -1.2096120779872748
32.33333333333406 -1.372534117526849
32.36666666666739 -1.5014534629935006
32.40000000000072 -1.5885471992222602
32.433333333334055 -1.6399159192741974
32.466666666667386 -1.6487326287759005
32.50000000000072 -1.618048235417635
32.53333333333405 -1.5449608819072091
32.56666666666738 -1.4369360627575656
32.60000000000071 -1.2933541789815317
32.63333333333404 -1.1182657377861136
32.666666666667375 -0.9150286876988072
32.700000000000706 -0.6894328855050733
32.73333333333404 -0.44994287237168473
32.76666666666737 -0.19985884810555632
32.8000000000007 0.05349634791007318
32.83333333333403 0.3040567149763467
32.86666666666736 0.5500777604710176
32.900000000000695 0.7854862448850053
32.933333333334026 0.9989114145136933
32.96666666666736 1.1942383845662539
33.00000000000069 1.3641803278688522
33.03333333333402 1.5016774293963877
33.06666666666735 1.6091152397139572
33.10000000000068 1.6792549910728782
33.133333333334015 1.7134097691100854
33.166666666667346 1.7075817023144575
33.20000000000068 1.6569632632565208
33.23333333333401 1.5723512880562058
33.26666666666734 1.4484552671640483
33.30000000000067 1.2963201708396204
33.333333333334004 1.1125684416059878
33.366666666667335 0.9009625247789561
33.40000000000067 0.6695620072581656
33.433333333334 0.4223387889035175
33.46666666666733 0.1652141941577283
33.50000000000066 -0.09497301449333895
33.53333333333399 -0.35221811275489756
33.566666666667324 -0.6019162116601642
33.600000000000655 -0.8325035180112379
33.63333333333399 -1.0458958428740242
33.66666666666732 -1.228131080739335
33.70000000000065 -1.3851328946879296
33.73333333333398 -1.4996568157947094
33.76666666666731 -1.5808183424021856
33.800000000000644 -1.623084074750897
33.833333333333975 -1.617119894185314
33.86666666666731 -1.5784664448858448
33.90000000000064 -1.5008372088699957
33.93333333333397 -1.3850508323802257
33.9666666666673 -1.233984728866532
34.00000000000063 -1.0525214276429344
34.033333333333964 -0.8492223440483158
34.066666666667295 -0.6229575428539653
34.10000000000063 -0.3827514399645544
34.13333333333396 -0.1358387352790129
34.16666666666729 0.11762453372974946
34.20000000000062 0.36635674346945546
34.23333333333395 0.6091044297755106
34.266666666667284 0.8327140823870325
34.300000000000615 1.0429813120792195
34.33333333333395 1.2310736967966625
34.36666666666728 1.392584633538319
34.40000000000061 1.5199075692272306
34.43333333333394 1.616144879659477
34.46666666666727 1.6780032249395331
34.500000000000604 1.7016787986298016
34.533333333333935 1.683110406192398
34.56666666666727 1.62290694251584
34.6000000000006 1.5323508774132009
34.63333333333393 1.3994067587333552
34.66666666666726 1.2390053525655516
34.70000000000059 1.049683029654381
34.733333333333924 0.8356657851915505
34.766666666667255 0.6026213043239643
34.80000000000059 0.3569772957184112
34.83333333333392 0.1023284850088153
34.86666666666725 -0.15816174467052058
34.90000000000058 -0.40956928978282603
34.93333333333391 -0.6542485644091149
34.966666666667244 -0.8795634130279075
35.000000000000576 -1.08371293766444
35.03333333333391 -1.2585332797630446
35.06666666666724 -1.4005315747156772
35.10000000000057 -1.5068847211915415
35.1333333333339 -1.577077108358683
35.16666666666723 -1.605947908796467
35.200000000000564 -1.595201317895469
35.233333333333896 -1.54392042631983
35.26666666666723 -1.4591244132032344
35.30000000000056 -1.3364422475284692
35.33333333333389 -1.1793032587062684
35.36666666666722 -0.9933205344301341
35.40000000000055 -0.7846069929516113
35.433333333333884 -0.5572817888604598
35.466666666667216 -0.3165253980543299
35.50000000000055 -0.06988721555773791
35.53333333333388 0.17759461018905087
35.56666666666721 0.42253103970946615
35.60000000000054 0.6598882249940115
35.63333333333387 0.8792004014720645
35.666666666667204 1.0839763167179326
35.700000000000536 1.2613777082781397
35.73333333333387 1.413898371484902
35.7666666666672 1.531454192228721
35.80000000000053 1.6192304851874368
35.83333333333386 1.6671022090239696
35.86666666666719 1.6807891055359843
35.900000000000524 1.6538235307484994
35.933333333333856 1.5891400538521143
35.96666666666719 1.4848072931555203
36.00000000000052 1.3500455838475869
36.03333333333385 1.1828295452368334
36.06666666666718 0.9884411083569749
36.10000000000051 0.7728773884637015
36.133333333333844 0.5374165558258275
36.166666666667176 0.2902898870593429
36.20000000000051 0.03441605062714803
36.23333333333384 -0.21877172748990814
36.26666666666717 -0.4654984949775667
36.3000000000005 -0.7019769209273625
36.33333333333383 -0.9223198629366953
36.366666666667165 -1.1163417434582583
36.400000000000496 -1.285281365633005
36.43333333333383 -1.4142912112297141
36.46666666666716 -1.512219699873667
36.50000000000049 -1.5723091661849664
36.53333333333382 -1.5932118598933367
36.56666666666715 -1.5681190090654433
36.600000000000485 -1.5120206749175038
36.633333333333816 -1.4180849304369798
36.66666666666715 -1.2857966127969616
36.70000000000048 -1.1233690261852867
36.73333333333381 -0.9332463725752889
36.76666666666714 -0.7222400428483646
36.80000000000047 -0.4927053445533325
36.833333333333805 -0.2523671322419965
36.866666666667136 -0.008037967504312515
36.90000000000047 0.24143187538262678
36.9333333333338 0.47915912611001676
36.96666666666713 0.7078896347768682
37.00000000000046 0.9237932710348353
37.03333333333379 1.1176331743725276
37.066666666667125 1.2877915404878948
37.100000000000456 1.4257539887578874
37.13333333333379 1.5387597871299246
37.16666666666712 1.615801635243244
37.20000000000045 1.6570609645131942
37.23333333333378 1.6587952016870835
37.26666666666711 1.6209472929151039
37.300000000000445 1.546787661195113
37.333333333333776 1.4387732609658839
37.36666666666711 1.294934832886116
37.40000000000044 1.1224852687850806
37.43333333333377 0.9261361143724063
37.4666666666671 0.7061284487099879
37.50000000000043 0.4710394892038199
37.533333333333765 0.22576841166856543
37.566666666667096 -0.025934947431856425
37.60000000000043 -0.27575373198165876
37.63333333333376 -0.5203991867819799
37.66666666666709 -0.7536000898445399
37.70000000000042 -0.965665380906461
37.73333333333375 -1.151554883866956
37.766666666667085 -1.308039364971084
37.800000000000416 -1.4333003638355772
37.83333333333375 -1.5203402523882534
37.86666666666708 -1.5673964462260987
37.90000000000041 -1.5775534771846247
37.93333333333374 -1.5482084108572383
37.966666666667074 -1.4797272257077965
38.000000000000405 -1.3762670506654908
38.03333333333374 -1.2360182508890536
38.06666666666707 -1.0717565077715312
38.1000000000004 -0.8745852785246058
38.13333333333373 -0.6589532212592668
38.16666666666706 -0.42788773860773555
38.200000000000394 -0.18880422731751345
38.233333333333725 0.05599879807088737
38.26666666666706 0.29503484110041533
38.30000000000039 0.5304638063498572
38.33333333333372 0.7534010898110761
38.36666666666705 0.9627259466949756
38.40000000000038 1.149577517748047
38.433333333333714 1.308859491475097
38.466666666667045 1.4418130265590792
38.50000000000038 1.5448033573576847
38.53333333333371 1.6103031082349988
38.56666666666704 1.641897374118873
38.60000000000037 1.63090618040294
38.6333333333337 1.585419930293254
38.666666666667034 1.505622413032576
38.700000000000365 1.385792416248222
38.7333333333337 1.238037989920091
38.76666666666703 1.0624426513842335
38.80000000000036 0.8604273770011011
38.83333333333369 0.6387072631811703
38.86666666666702 0.40368775246470623
38.900000000000354 0.15860758713628043
38.933333333333685 -0.08997241861549243
38.96666666666702 -0.34017591751533516
39.00000000000035 -0.5757123739425509
39.03333333333368 -0.8016015813325619
39.06666666666701 -1.0036281476820257
39.10000000000034 -1.1838694007752157
39.133333333333674 -1.3318805757463266
39.166666666667005 -1.4484979113910987
39.20000000000034 -1.5223542801054935
39.23333333333367 -1.5627200950211444
39.266666666667 -1.5618196937298858
39.30000000000033 -1.5220125293885287
39.33333333333366 -1.4465468068689815
39.366666666666994 -1.3338367876983943
39.400000000000325 -1.1875707618419344
39.43333333333366 -1.0128045881087209
39.46666666666699 -0.8156206316385961
39.50000000000032 -0.5997411901381176
39.53333333333365 -0.36555239480806545
39.56666666666698 -0.13022950819672108
39.600000000000314 0.11241231653332884
39.633333333333645 0.35016800027654416
39.66666666666698 0.5804606654477054
39.70000000000031 0.7971700876888974
39.73333333333364 0.9989056269384138
39.76666666666697 1.178013830195928
39.8000000000003 1.3303493872836318
39.833333333333634 1.4503975421240467
39.866666666666966 1.543972577862526
39.9000000000003 1.5997008920864992
39.93333333333363 1.6197144236698513
39.96666666666696 1.6028650062546443
40.00000000000029 1.5516574115896598
40.03333333333362 1.4605854198900685
40.066666666666954 1.3372968914829562
40.100000000000286 1.1812699139138703
40.13333333333362 1.002514567444286
40.16666666666695 0.7964095449054209
40.20000000000028 0.5727359287190987
40.23333333333361 0.3369989685170651
40.26666666666694 0.09073554916574
40.300000000000274 -0.15585854134329669
40.333333333333606 -0.39854222959158303
40.36666666666694 -0.6286361489704144
40.40000000000027 -0.8476683058005134
40.4333333333336 -1.0415030050747176
40.46666666666693 -1.210240064917235
40.50000000000026 -1.3440888107841018
40.533333333333594 -1.4501496326224141
40.566666666666926 -1.5175294430964077
40.60000000000026 -1.5485471499473604
40.63333333333359 -1.5337104507084849
40.66666666666692 -1.4865072183468646
40.70000000000025 -1.4013476762596628
40.73333333333358 -1.2835115905117354
40.766666666666914 -1.1325427698170127
40.800000000000246 -0.9525088305427358
40.83333333333358 -0.7519133348664542
40.86666666666691 -0.5317710038877994
40.90000000000024 -0.30025466373868603
40.93333333333357 -0.0639653633038697
40.9666666666669 0.173092154084868
41.000000000000234 0.40925689410860144
41.033333333333566 0.6312551440329219
41.0666666666669 0.8437766981544454
41.10000000000023 1.0374476517743663
41.13333333333356 1.207837933588844
41.16666666666689 1.3549391245042814
41.20000000000022 1.4669610803608677
41.233333333333555 1.5493487595566808
41.266666666666886 1.596015463800649
41.30000000000022 1.6061167638497107
41.33333333333355 1.5765110656862493
41.36666666666688 1.5159718491523417
41.40000000000021 1.4212969259377406
41.43333333333354 1.286203857299257
41.466666666666875 1.1278171668899404
41.500000000000206 0.9381938053198828
41.53333333333354 0.7333417161880114
41.56666666666687 0.5098569771037038
41.6000000000002 0.27379708077686393
41.63333333333353 0.03059946699792304
41.66666666666686 -0.21339798667613863
41.700000000000195 -0.45178761406320556
41.733333333333526 -0.6781550965654648
41.76666666666686 -0.8859709800082336
41.80000000000019 -1.071885961147827
41.83333333333352 -1.2334449820567341
41.86666666666685 -1.3599864057392494
41.90000000000018 -1.4506930511377538
41.933333333333515 -1.506882727567866
41.966666666666846 -1.524796086522703
42.00000000000018 -1.5035317688332044
42.03333333333351 -1.4494964585111263
42.06666666666684 -1.3580525962783296
42.10000000000017 -1.231507015735188
42.1333333333335 -1.0713146223214371
42.166666666666835 -0.8892875993858729
42.200000000000166 -0.6878354828764919
42.2333333333335 -0.4663133212102979
42.26666666666683 -0.2373255965802734
42.30000000000016 -0.006349394336055081
42.33333333333349 0.23121910198432483
42.36666666666682 0.46419757686151186
42.400000000000155 0.6816354177918837
42.433333333333486 0.8895767914873858
42.46666666666682 1.0727786324052744
42.50000000000015 1.2377754082081172
42.53333333333348 1.3701358277480322
42.56666666666681 1.475534551729547
42.60000000000014 1.5535589719948586
42.633333333333475 1.589924093096145
42.666666666666806 1.5911684752755644
42.70000000000014 1.5533957669745302
42.73333333333347 1.4802452523328657
42.7666666666668 1.3730223615768242
42.80000000000013 1.2382213992657825
42.833333333333464 1.073614419153909
42.866666666666795 0.8802430899685199
42.90000000000013 0.6732731769940656
42.93333333333346 0.44985684360503075
42.96666666666679 0.2100193615397803
43.00000000000012 -0.027630182720351115
43.03333333333345 -0.27184522169269787
43.066666666666784 -0.5007136047573648
43.100000000000115 -0.7202533053418536
43.13333333333345 -0.9226109947121621
43.16666666666678 -1.102087448780503
43.20000000000011 -1.2494716131586352
43.23333333333344 -1.3649558039017173
43.26666666666677 -1.4472486854314877
43.300000000000104 -1.4991890026009185
43.333333333333435 -1.5045289808604858
43.36666666666677 -1.4755546460837037
43.4000000000001 -1.4073419181301983
43.43333333333343 -1.3085061123756425
43.46666666666676 -1.177248063590627
43.50000000000009 -1.016719338758581
43.533333333333424 -0.8288262146081453
43.566666666666755 -0.6252609322391827
43.60000000000009 -0.40491868454543223
43.63333333333342 -0.17372802343936877
43.66666666666675 0.06060446703111966
43.70000000000008 0.2894389225936922
43.73333333333341 0.5169203969923979
43.766666666666744 0.7320763881488714
43.800000000000075 0.928702483700186
43.83333333333341 1.1086312776476719
43.86666666666674 1.2671799625917073
43.90000000000007 1.3930704184189784
43.9333333333334 1.488273672715268
43.96666666666673 1.5512575025275375
44.000000000000064 1.5835864522115681
44.033333333333395 1.5757926588037483
44.06666666666673 1.5253171538285812
44.10000000000006 1.4457479518049503
44.13333333333339 1.3356351079164321
44.16666666666672 1.188767902001917
44.20000000000005 1.0198556762976008
44.233333333333384 0.825190371939776
44.266666666666715 0.6155610460009111
44.30000000000005 0.387154472243175
44.33333333333338 0.1507039031187105
44.36666666666671 -0.08662070561216106
44.40000000000004 -0.321852354925626
44.43333333333337 -0.5531851078870296
44.466666666666704 -0.7660089990240029
44.500000000000036 -0.9587416669116373
44.53333333333337 -1.122883554115246
44.5666666666667 -1.2638230922770335
44.60000000000003 -1.3677135180773563
44.63333333333336 -1.43900851018926
44.66666666666669 -1.4749928153149674
44.700000000000024 -1.4756497543598432
44.733333333333356 -1.4387028911789144
44.76666666666669 -1.3680737586456888
44.80000000000002 -1.2594815239555581
44.83333333333335 -1.1215692277305944
44.86666666666668 -0.956650739256506
44.90000000000001 -0.7671302007249903
44.933333333333344 -0.5584771866093559
44.966666666666676 -0.34148460565162386
45.00000000000001 -0.11140465181448755
45.03333333333334 0.12123252342230728
45.06666666666667 0.3467840948726897
45.1 0.5721253848297065
45.13333333333333 0.7793297623718471
45.166666666666664 0.96934271431528
45.199999999999996 1.1422132724951144
45.23333333333333 1.2897105126203492
45.26666666666666 1.4083696867023852
45.29999999999999 1.4960962322953355
45.33333333333332 1.5511106701343014
45.36666666666665 1.569471457887044
45.399999999999984 1.548267835830587
45.433333333333316 1.4960243774053543
45.46666666666665 1.4088899561841615
45.49999999999998 1.285607398066415
45.53333333333331 1.1382330052455734
45.56666666666664 0.9634692185632074
45.59999999999997 0.7684186625215501
45.633333333333304 0.5524223866055147
45.666666666666636 0.3262336415715028
45.69999999999997 0.09010090903648971
45.7333333333333 -0.14703571752784628
45.76666666666663 -0.37781352606880114
45.79999999999996 -0.5996438987362
45.83333333333329 -0.8036366989794392
45.866666666666625 -0.9908917694576602
45.899999999999956 -1.1510303628962117
45.93333333333329 -1.2771754103153592
45.96666666666662 -1.3742982045277126
45.99999999999995 -1.43397602986037
46.03333333333328 -1.464145820192655
46.06666666666661 -1.4539478369442067
46.099999999999945 -1.406132086544857
46.133333333333276 -1.3268307497284746
46.16666666666661 -1.2122583882410916
46.19999999999994 -1.0700837392544238
46.23333333333327 -0.8982828014258057
46.2666666666666 -0.7054402232472134
46.29999999999993 -0.4952118164331796
46.333333333333265 -0.27243517742801515
46.366666666666596 -0.05180923611743804
46.39999999999993 0.180247261181135
46.43333333333326 0.4049936213973915
46.46666666666659 0.6191606564303616
46.49999999999992 0.8223264919753888
46.53333333333325 1.007444234865443
46.566666666666585 1.1719336927644175
46.599999999999916 1.31141124747528
46.63333333333325 1.4199829794858019
46.66666666666658 1.4986136597737714
46.69999999999991 1.542880192412909
46.73333333333324 1.5520664296716529
46.76666666666657 1.5225687851229468
46.799999999999905 1.4594886694697724
46.833333333333236 1.3661100143072948
46.86666666666657 1.240770920814862
46.8999999999999 1.08459768626789
46.93333333333323 0.9040551789017748
46.96666666666656 0.7030475678581025
46.99999999999989 0.48670610890110755
47.033333333333225 0.2650513638278307
47.066666666666556 0.03076705394516921
47.09999999999989 -0.20271081532139368
47.13333333333322 -0.42992909852882777
47.16666666666655 -0.6456224896914451
47.19999999999988 -0.846038774741833
47.23333333333321 -1.0233445417013916
47.266666666666545 -1.1695530404911443
47.299999999999876 -1.2927878284819556
47.33333333333321 -1.3800961101803013
47.36666666666654 -1.4355315240850435
47.39999999999987 -1.4494674553482856
47.4333333333332 -1.4312639226147286
47.466666666666534 -1.375066656637221
47.499999999999865 -1.285606788519293
47.533333333333196 -1.1654794017934451
47.56666666666653 -1.0163030501078536
47.59999999999986 -0.8417017231392747
47.63333333333319 -0.6477165107334768
47.66666666666652 -0.4365077330132836
47.699999999999854 -0.21745782796358215
47.733333333333185 0.007960674459200678
47.76666666666652 0.23464741087691943
47.79999999999985 0.4583182750613499
47.83333333333318 0.666942918598374
47.86666666666651 0.8658412781259219
47.89999999999984 1.0434077760164806
47.933333333333174 1.1968271632828804
47.966666666666505 1.3267852071769717
47.99999999999984 1.42838932736427
48.03333333333317 1.495381998144139
48.0666666666665 1.5309026589138188
48.09999999999983 1.5280085003035824
48.13333333333316 1.4923308212260125
48.166666666666494 1.4222140113442254
48.199999999999825 1.3194862027967353
48.23333333333316 1.1856187436529817
48.26666666666649 1.0259346567751608
48.29999999999982 0.8403986139200992
48.33333333333315 0.6424944781049264
48.36666666666648 0.4245580530674333
48.399999999999814 0.1986336539764264
48.433333333333145 -0.030439244928714082
48.46666666666648 -0.25891140096403875
48.49999999999981 -0.4829494830685741
48.53333333333314 -0.691510411516937
48.56666666666647 -0.8871666482275686
48.5999999999998 -1.0524434911997003
48.633333333333134 -1.1933736914294126
48.666666666666465 -1.3020657259138106
48.6999999999998 -1.3840850850991222
48.73333333333313 -1.428001157689963
48.76666666666646 -1.4345788602188643
48.79999999999979 -1.4072354399735678
48.83333333333312 -1.3385707917473972
48.866666666666454 -1.2459635743908013
48.899999999999785 -1.115470063577133
48.93333333333312 -0.9657163293158164
48.96666666666645 -0.7855824337610438
48.99999999999978 -0.5870315457466226
49.03333333333311 -0.37967784641789004
49.06666666666644 -0.1559738281039862
49.099999999999774 0.06756532388605274
49.133333333333105 0.2902314818843674
49.16666666666644 0.5054005834925217
49.19999999999977 0.7121749779996636
49.2333333333331 0.899880077070514
49.26666666666643 1.0735336680473484
49.29999999999976 1.2195213218458791
49.333333333333094 1.339595473001994
49.366666666666426 1.4325805770706035
49.39999999999976 1.492089117049491
49.43333333333309 1.5173676467646313
49.46666666666642 1.5061253255707063
49.49999999999975 1.46209318899791
49.53333333333308 1.3830140832725535
49.566666666666414 1.2737224962756617
49.599999999999746 1.1367726823342403
49.63333333333308 0.9687756387145612
49.66666666666641 0.7863340294772936
49.69999999999974 0.5802190908799565
49.73333333333307 0.360849122238208
49.7666666666664 0.13785526204026155
49.799999999999734 -0.0917330210772831
49.833333333333066 -0.3149675654605768
49.8666666666664 -0.5357314837825169
49.89999999999973 -0.7381752487921704
49.93333333333306 -0.9242726673755484
49.96666666666639 -1.082201933750543
49.99999999999972 -1.2156320933165197
50.033333333333054 -1.3182008840402522
50.066666666666386 -1.3850751756659787
50.09999999999972 -1.4187591996250144
50.13333333333305 -1.4176312517785052
50.16666666666638 -1.3785305245809392
50.19999999999971 -1.3090523057360524
50.23333333333304 -1.205168307836539
50.266666666666374 -1.0695198012519818
50.299999999999706 -0.911365294768296
50.33333333333304 -0.7287315182689493
50.36666666666637 -0.5275631424101852
50.3999999999997 -0.31436305976829226
50.43333333333303 -0.09394251143080146
50.46666666666636 0.12556357526441175
50.499999999999694 0.3453130890198013
50.533333333333026 0.5571022974077637
50.56666666666636 0.7557534013112717
50.59999999999969 0.9389467756355927
50.63333333333302 1.103435335523919
50.66666666666635 1.2402186544293237
50.69999999999968 1.352926598844122
50.733333333333015 1.4375003825865358
50.766666666666346 1.4879993656147743
50.79999999999968 1.5007774347460003
50.83333333333301 1.4799427239182714
50.86666666666634 1.4274124528592322
50.89999999999967 1.341495160971756
50.933333333333 1.2212872632616545
50.966666666666335 1.0822987126531851
50.999999999999666 0.9126703360523747
51.033333333333 0.7248970767679985
51.06666666666633 0.5154214791356191
51.09999999999966 0.29777289911336435
51.13333333333299 0.0739829048925178
51.16666666666632 -0.15052756101331477
51.199999999999655 -0.370576290762457
51.233333333332986 -0.5843015330369714
51.26666666666632 -0.7781772896065076
51.29999999999965 -0.9551972082454148
51.33333333333298 -1.1071080497861963
51.36666666666631 -1.2317315771186705
51.39999999999964 -1.325386050416249
51.433333333332975 -1.3805545892889213
51.466666666666306 -1.4089126041337088
51.49999999999964 -1.3955332973707706
51.53333333333297 -1.3486967236407508
51.5666666666663 -1.2705028373266076
51.59999999999963 -1.1587380414403152
51.63333333333296 -1.017759085972909
51.666666666666295 -0.8559389382464913
51.699999999999626 -0.6717919895412803
51.73333333333296 -0.466731600742587
51.76666666666629 -0.2564855037339764
51.79999999999962 -0.03324158811689726
51.83333333333295 0.1833629253857536
51.86666666666628 0.39642053696050805
51.899999999999615 0.6051159386743645
51.933333333332946 0.7994821865278565
51.96666666666628 0.974235800629244
51.99999999999961 1.1288459199032017
52.03333333333294 1.264106527517968
52.06666666666627 1.3631622096365872
52.0999999999996 1.4370590528891674
52.133333333332935 1.4801509849323393
52.166666666666266 1.4853462590304813
52.1999999999996 1.4581165687281379
52.23333333333293 1.3957204043653508
52.26666666666626 1.2989616428356054
52.29999999999959 1.1775242311834386
52.333333333332924 1.02641842248579
52.366666666666255 0.8540467370744018
52.39999999999959 0.6620003249837927
52.43333333333292 0.4556940985617608
52.46666666666625 0.23791911315702974
52.49999999999958 0.012295215355680789
52.53333333333291 -0.20707782220855098
52.566666666666244 -0.4260435785150878
52.599999999999575 -0.630548358088828
52.63333333333291 -0.8217254215908336
52.66666666666624 -0.9864732379864538
52.69999999999957 -1.1321406823079219
52.7333333333329 -1.244539352566342
52.76666666666623 -1.3263998967342197
52.799999999999564 -1.3755679474331037
52.833333333332895 -1.390244036173423
52.86666666666623 -1.3680886074008187
52.89999999999956 -1.3154062485376925
52.93333333333289 -1.2266205118107734
52.96666666666622 -1.1128105331751468
52.99999999999955 -0.9651372197338874
53.033333333332884 -0.7991955946372977
53.066666666666215 -0.6070993626175616
53.09999999999955 -0.4051678055677108
53.13333333333288 -0.19179124507657486
53.16666666666621 0.022651043110203606
53.19999999999954 0.23884133084666814
53.23333333333287 0.4513546430957396
53.266666666666204 0.6516681836311013
53.299999999999535 0.8387319845602299
53.33333333333287 1.0069673043091854
53.3666666666662 1.160267088562314
53.39999999999953 1.2819487920789552
53.43333333333286 1.378289177669986
53.46666666666619 1.4390637439642893
53.499999999999524 1.4711951487878911
53.533333333332855 1.468094915879802
53.56666666666619 1.4295256941305272
53.59999999999952 1.3589215954955405
53.63333333333285 1.2601344980720146
53.66666666666618 1.1290434417447601
53.69999999999951 0.9738619064436174
53.733333333332844 0.7987085520308952
53.766666666666175 0.6058836465413844
53.79999999999951 0.3969339696526353
53.83333333333284 0.1759836818410716
53.86666666666617 -0.04268718401277205
53.8999999999995 -0.25839185897478867
53.93333333333283 -0.47058798254891565
53.966666666666164 -0.6731390242257005
53.999999999999496 -0.8537443677024128
54.03333333333283 -1.0178093121105065
54.06666666666616 -1.151406764254145
54.09999999999949 -1.255100631474165
54.13333333333282 -1.3268566258296528
54.16666666666615 -1.3691627226375838
54.199999999999484 -1.3720710153874291
54.233333333332816 -1.3415616570193825
54.26666666666615 -1.2803567579084572
54.29999999999948 -1.1824422221798123
54.33333333333281 -1.0638701794701664
54.36666666666614 -0.9085865430929956
54.39999999999947 -0.73763542155756
54.433333333332804 -0.5467058356273196
54.466666666666136 -0.34680699943975846
54.49999999999947 -0.13449125435642273
54.5333333333328 0.0796911595589278
54.56666666666613 0.29497584341578253
54.59999999999946 0.5030208039739197
54.63333333333279 0.698856411706779
54.666666666666124 0.8819030151353848
54.699999999999456 1.0468261548106552
54.73333333333279 1.1826964375508302
54.76666666666612 1.299034330777264
54.79999999999945 1.3830877068227707
54.83333333333278 1.4385503628773089
54.86666666666611 1.4576240658629125
54.899999999999444 1.4457446219824304
54.933333333332776 1.3991826228267685
54.96666666666611 1.324000690911375
54.99999999999944 1.215787190674459
55.03333333333277 1.0836634907475178
55.0666666666661 0.9250897266444413
55.09999999999943 0.7420295081967216
55.133333333332764 0.5452616854429904
55.166666666666096 0.3345253173529654
55.19999999999943 0.12000657891415978
55.23333333333276 -0.09803977998628266
55.26666666666609 -0.3135465760520617
55.29999999999942 -0.5203533141450798
55.33333333333275 -0.7131220095891475
55.366666666666084 -0.8896852420265025
55.399999999999416 -1.0449163084934896
55.43333333333275 -1.1630631111677836
55.46666666666608 -1.2590795033130315
55.49999999999941 -1.3250711413547789
55.53333333333274 -1.3572523453745342
55.56666666666607 -1.3469661868849374
55.599999999999405 -1.3110934130083893
55.633333333332736 -1.2407581967213113
55.66666666666607 -1.1379724565519456
55.6999999999994 -1.0102363371656513
55.73333333333273 -0.8560820282779869
55.76666666666606 -0.6839328294656162
55.79999999999939 -0.48789502031608034
55.833333333332725 -0.28448459359711586
55.866666666666056 -0.07343930388604303
55.89999999999939 0.1388299994143969
55.93333333333272 0.3468978192461494
55.96666666666605 0.5513943245432422
55.99999999999938 0.74328689285817
56.03333333333271 0.9181981872427336
56.066666666666045 1.0712270983672578
56.099999999999376 1.203147961287156
56.13333333333271 1.3120236914988208
56.16666666666604 1.3889388215499885
56.19999999999937 1.4315722717335433
56.2333333333327 1.4479983623583896
56.26666666666603 1.4279739849971005
56.299999999999365 1.369608365878566
56.333333333332696 1.2851616300634614
56.36666666666603 1.1725645359261234
56.39999999999936 1.0335538676793927
56.43333333333269 0.8695707175684406
56.46666666666602 0.6862587052038194
56.49999999999935 0.48653932906926833
56.533333333332685 0.27516288625214846
56.566666666666016 0.061542230565401645
56.59999999999935 -0.1536564833969889
56.63333333333268 -0.36588570820403765
56.66666666666601 -0.5667458454294763
56.69999999999934 -0.7517705838089697
56.73333333333267 -0.9192318398964554
56.766666666666005 -1.0647336741608422
56.799999999999336 -1.1808304250221662
56.83333333333267 -1.266978645893888
56.866666666666 -1.322583025151331
56.89999999999933 -1.3397344185868776
56.93333333333266 -1.3293387051958878
56.96666666666599 -1.2831626398407519
56.999999999999325 -1.199229945057573
57.033333333332656 -1.0998904974253478
57.06666666666599 -0.962378825761403
57.09999999999932 -0.8040155654909755
57.13333333333265 -0.6265889515790595
57.16666666666598 -0.43466908789319847
57.199999999999314 -0.2292469145453988
57.233333333332645 -0.015323778672163169
57.26666666666598 0.19109762412141418
57.29999999999931 0.40002000706939356
57.33333333333264 0.596916246861996
57.36666666666597 0.7862143116502374
57.3999999999993 0.953154768288961
57.433333333332634 1.0989336263104796
57.466666666665965 1.2252875936045342
57.4999999999993 1.3214319627340325
57.53333333333263 1.3896233727671943
57.56666666666596 1.4273072576119041
57.59999999999929 1.427396245248973
57.63333333333262 1.3987967995825548
57.666666666665954 1.3373140505588639
57.699999999999285 1.2448152861592758
57.73333333333262 1.1237500160468317
57.76666666666595 0.979586480654242
57.79999999999928 0.8146977107421058
57.83333333333261 0.6285532104657126
57.86666666666594 0.42871066707572414
57.899999999999274 0.218683293170423
57.933333333332605 0.00554634527761122
57.96666666666594 -0.21134399681422966
57.99999999999927 -0.41523171901722744
58.0333333333326 -0.6079987268503326
58.06666666666593 -0.7942004661550013
58.09999999999926 -0.9524648455279356
58.133333333332594 -1.086913108899862
58.166666666665925 -1.1951477614883759
58.19999999999926 -1.2724083044132173
58.23333333333259 -1.3187891689399294
58.26666666666592 -1.3305881149435388
58.29999999999925 -1.30379081590955
58.33333333333258 -1.2516070917929651
58.366666666665914 -1.1692444320571616
58.399999999999245 -1.0529251095345527
58.43333333333258 -0.9092441436027827
58.46666666666591 -0.7507454512333105
58.49999999999924 -0.5677096746099268
58.53333333333257 -0.3726446817808502
58.5666666666659 -0.16656492654930144
58.599999999999234 0.03678399629341955
58.633333333332565 0.24939714107082978
58.6666666666659 0.4540369065959782
58.69999999999923 0.6434811996966108
58.73333333333256 0.8218486317342588
58.76666666666589 0.9825389780431575
58.79999999999922 1.1212956618515273
58.833333333332554 1.238891218706316
58.866666666665886 1.3273562720855008
58.89999999999922 1.3857987919312942
58.93333333333255 1.4171723899263222
58.96666666666588 1.4091905360127521
58.99999999999921 1.36935517276451
59.03333333333254 1.301756960559553
59.066666666665874 1.2014643063916184
59.099999999999206 1.0753349702703359
59.13333333333254 0.9251677445827395
59.16666666666587 0.7555430761055755
59.1999999999992 0.5673103954336218
59.23333333333253 0.3663198299669954
59.26666666666586 0.15672664267626324
59.299999999999194 -0.053462045670900515
59.333333333332526 -0.26194590864081446
59.36666666666586 -0.4643445431744655
59.39999999999919 -0.6542836706841832
59.43333333333252 -0.8292181315386689
59.46666666666585 -0.9805394863578707
59.49999999999918 -1.1073264301741705
59.533333333332514 -1.206222340050037
59.566666666665846 -1.2758959722495162
59.59999999999918 -1.3080385602941398
59.63333333333251 -1.3118406404879908
59.66666666666584 -1.2809350454649153
59.69999999999917 -1.2211345747744287
59.7333333333325 -1.1257858277592643
59.766666666665834 -1.008354825806514
59.799999999999166 -0.8598094458636107
59.8333333333325 -0.6935982644578753
59.86666666666583 -0.5104017047302576
59.89999999999916 -0.3167174459809923
59.93333333333249 -0.11145207294937887
59.96666666666582 0.09617851991793147
59.999999999999154 0.30053092106956303
60.033333333332486 0.49987235601259616
